{
 "cells": [
  {
   "cell_type": "code",
   "execution_count": 1,
   "metadata": {},
   "outputs": [
    {
     "data": {
      "text/html": [
       "<div>\n",
       "<style scoped>\n",
       "    .dataframe tbody tr th:only-of-type {\n",
       "        vertical-align: middle;\n",
       "    }\n",
       "\n",
       "    .dataframe tbody tr th {\n",
       "        vertical-align: top;\n",
       "    }\n",
       "\n",
       "    .dataframe thead th {\n",
       "        text-align: right;\n",
       "    }\n",
       "</style>\n",
       "<table border=\"1\" class=\"dataframe\">\n",
       "  <thead>\n",
       "    <tr style=\"text-align: right;\">\n",
       "      <th></th>\n",
       "      <th>Date</th>\n",
       "      <th>Open</th>\n",
       "      <th>High</th>\n",
       "      <th>Low</th>\n",
       "      <th>Close</th>\n",
       "    </tr>\n",
       "  </thead>\n",
       "  <tbody>\n",
       "    <tr>\n",
       "      <th>0</th>\n",
       "      <td>12/23/2022</td>\n",
       "      <td>1,215.00</td>\n",
       "      <td>1,228.61</td>\n",
       "      <td>1,212.65</td>\n",
       "      <td>1,221.85</td>\n",
       "    </tr>\n",
       "    <tr>\n",
       "      <th>1</th>\n",
       "      <td>12/22/2022</td>\n",
       "      <td>1,211.11</td>\n",
       "      <td>1,232.01</td>\n",
       "      <td>1,184.71</td>\n",
       "      <td>1,215.00</td>\n",
       "    </tr>\n",
       "    <tr>\n",
       "      <th>2</th>\n",
       "      <td>12/21/2022</td>\n",
       "      <td>1,216.14</td>\n",
       "      <td>1,220.82</td>\n",
       "      <td>1,204.15</td>\n",
       "      <td>1,211.12</td>\n",
       "    </tr>\n",
       "    <tr>\n",
       "      <th>3</th>\n",
       "      <td>12/20/2022</td>\n",
       "      <td>1,176.05</td>\n",
       "      <td>1,227.48</td>\n",
       "      <td>1,152.91</td>\n",
       "      <td>1,216.55</td>\n",
       "    </tr>\n",
       "    <tr>\n",
       "      <th>4</th>\n",
       "      <td>12/19/2022</td>\n",
       "      <td>1,182.88</td>\n",
       "      <td>1,194.39</td>\n",
       "      <td>1,166.92</td>\n",
       "      <td>1,176.05</td>\n",
       "    </tr>\n",
       "    <tr>\n",
       "      <th>...</th>\n",
       "      <td>...</td>\n",
       "      <td>...</td>\n",
       "      <td>...</td>\n",
       "      <td>...</td>\n",
       "      <td>...</td>\n",
       "    </tr>\n",
       "    <tr>\n",
       "      <th>350</th>\n",
       "      <td>01/07/2022</td>\n",
       "      <td>3,426.37</td>\n",
       "      <td>3,434.00</td>\n",
       "      <td>3,094.50</td>\n",
       "      <td>3,216.50</td>\n",
       "    </tr>\n",
       "    <tr>\n",
       "      <th>351</th>\n",
       "      <td>01/06/2022</td>\n",
       "      <td>3,556.59</td>\n",
       "      <td>3,568.65</td>\n",
       "      <td>3,299.55</td>\n",
       "      <td>3,426.38</td>\n",
       "    </tr>\n",
       "    <tr>\n",
       "      <th>352</th>\n",
       "      <td>01/05/2022</td>\n",
       "      <td>3,825.68</td>\n",
       "      <td>3,847.93</td>\n",
       "      <td>3,553.80</td>\n",
       "      <td>3,557.41</td>\n",
       "    </tr>\n",
       "    <tr>\n",
       "      <th>353</th>\n",
       "      <td>01/04/2022</td>\n",
       "      <td>3,724.25</td>\n",
       "      <td>3,889.10</td>\n",
       "      <td>3,714.95</td>\n",
       "      <td>3,826.65</td>\n",
       "    </tr>\n",
       "    <tr>\n",
       "      <th>354</th>\n",
       "      <td>01/03/2022</td>\n",
       "      <td>3,813.67</td>\n",
       "      <td>3,847.00</td>\n",
       "      <td>3,684.34</td>\n",
       "      <td>3,727.99</td>\n",
       "    </tr>\n",
       "  </tbody>\n",
       "</table>\n",
       "<p>355 rows × 5 columns</p>\n",
       "</div>"
      ],
      "text/plain": [
       "           Date      Open      High       Low     Close\n",
       "0    12/23/2022  1,215.00  1,228.61  1,212.65  1,221.85\n",
       "1    12/22/2022  1,211.11  1,232.01  1,184.71  1,215.00\n",
       "2    12/21/2022  1,216.14  1,220.82  1,204.15  1,211.12\n",
       "3    12/20/2022  1,176.05  1,227.48  1,152.91  1,216.55\n",
       "4    12/19/2022  1,182.88  1,194.39  1,166.92  1,176.05\n",
       "..          ...       ...       ...       ...       ...\n",
       "350  01/07/2022  3,426.37  3,434.00  3,094.50  3,216.50\n",
       "351  01/06/2022  3,556.59  3,568.65  3,299.55  3,426.38\n",
       "352  01/05/2022  3,825.68  3,847.93  3,553.80  3,557.41\n",
       "353  01/04/2022  3,724.25  3,889.10  3,714.95  3,826.65\n",
       "354  01/03/2022  3,813.67  3,847.00  3,684.34  3,727.99\n",
       "\n",
       "[355 rows x 5 columns]"
      ]
     },
     "execution_count": 1,
     "metadata": {},
     "output_type": "execute_result"
    }
   ],
   "source": [
    "import pandas as pd\n",
    "df = pd.read_csv('CRYPTOCURRENCY_US_KRAKEN_ETHUSD.csv')\n",
    "df\n",
    "#df.loc[0, 'Date'].day_name()"
   ]
  },
  {
   "cell_type": "code",
   "execution_count": 2,
   "metadata": {},
   "outputs": [
    {
     "data": {
      "text/html": [
       "<div>\n",
       "<style scoped>\n",
       "    .dataframe tbody tr th:only-of-type {\n",
       "        vertical-align: middle;\n",
       "    }\n",
       "\n",
       "    .dataframe tbody tr th {\n",
       "        vertical-align: top;\n",
       "    }\n",
       "\n",
       "    .dataframe thead th {\n",
       "        text-align: right;\n",
       "    }\n",
       "</style>\n",
       "<table border=\"1\" class=\"dataframe\">\n",
       "  <thead>\n",
       "    <tr style=\"text-align: right;\">\n",
       "      <th></th>\n",
       "      <th>Date</th>\n",
       "      <th>Open</th>\n",
       "      <th>High</th>\n",
       "      <th>Low</th>\n",
       "      <th>Close</th>\n",
       "    </tr>\n",
       "  </thead>\n",
       "  <tbody>\n",
       "    <tr>\n",
       "      <th>0</th>\n",
       "      <td>2022-12-23</td>\n",
       "      <td>1,215.00</td>\n",
       "      <td>1,228.61</td>\n",
       "      <td>1,212.65</td>\n",
       "      <td>1,221.85</td>\n",
       "    </tr>\n",
       "    <tr>\n",
       "      <th>1</th>\n",
       "      <td>2022-12-22</td>\n",
       "      <td>1,211.11</td>\n",
       "      <td>1,232.01</td>\n",
       "      <td>1,184.71</td>\n",
       "      <td>1,215.00</td>\n",
       "    </tr>\n",
       "    <tr>\n",
       "      <th>2</th>\n",
       "      <td>2022-12-21</td>\n",
       "      <td>1,216.14</td>\n",
       "      <td>1,220.82</td>\n",
       "      <td>1,204.15</td>\n",
       "      <td>1,211.12</td>\n",
       "    </tr>\n",
       "    <tr>\n",
       "      <th>3</th>\n",
       "      <td>2022-12-20</td>\n",
       "      <td>1,176.05</td>\n",
       "      <td>1,227.48</td>\n",
       "      <td>1,152.91</td>\n",
       "      <td>1,216.55</td>\n",
       "    </tr>\n",
       "    <tr>\n",
       "      <th>4</th>\n",
       "      <td>2022-12-19</td>\n",
       "      <td>1,182.88</td>\n",
       "      <td>1,194.39</td>\n",
       "      <td>1,166.92</td>\n",
       "      <td>1,176.05</td>\n",
       "    </tr>\n",
       "    <tr>\n",
       "      <th>...</th>\n",
       "      <td>...</td>\n",
       "      <td>...</td>\n",
       "      <td>...</td>\n",
       "      <td>...</td>\n",
       "      <td>...</td>\n",
       "    </tr>\n",
       "    <tr>\n",
       "      <th>350</th>\n",
       "      <td>2022-01-07</td>\n",
       "      <td>3,426.37</td>\n",
       "      <td>3,434.00</td>\n",
       "      <td>3,094.50</td>\n",
       "      <td>3,216.50</td>\n",
       "    </tr>\n",
       "    <tr>\n",
       "      <th>351</th>\n",
       "      <td>2022-01-06</td>\n",
       "      <td>3,556.59</td>\n",
       "      <td>3,568.65</td>\n",
       "      <td>3,299.55</td>\n",
       "      <td>3,426.38</td>\n",
       "    </tr>\n",
       "    <tr>\n",
       "      <th>352</th>\n",
       "      <td>2022-01-05</td>\n",
       "      <td>3,825.68</td>\n",
       "      <td>3,847.93</td>\n",
       "      <td>3,553.80</td>\n",
       "      <td>3,557.41</td>\n",
       "    </tr>\n",
       "    <tr>\n",
       "      <th>353</th>\n",
       "      <td>2022-01-04</td>\n",
       "      <td>3,724.25</td>\n",
       "      <td>3,889.10</td>\n",
       "      <td>3,714.95</td>\n",
       "      <td>3,826.65</td>\n",
       "    </tr>\n",
       "    <tr>\n",
       "      <th>354</th>\n",
       "      <td>2022-01-03</td>\n",
       "      <td>3,813.67</td>\n",
       "      <td>3,847.00</td>\n",
       "      <td>3,684.34</td>\n",
       "      <td>3,727.99</td>\n",
       "    </tr>\n",
       "  </tbody>\n",
       "</table>\n",
       "<p>355 rows × 5 columns</p>\n",
       "</div>"
      ],
      "text/plain": [
       "          Date      Open      High       Low     Close\n",
       "0   2022-12-23  1,215.00  1,228.61  1,212.65  1,221.85\n",
       "1   2022-12-22  1,211.11  1,232.01  1,184.71  1,215.00\n",
       "2   2022-12-21  1,216.14  1,220.82  1,204.15  1,211.12\n",
       "3   2022-12-20  1,176.05  1,227.48  1,152.91  1,216.55\n",
       "4   2022-12-19  1,182.88  1,194.39  1,166.92  1,176.05\n",
       "..         ...       ...       ...       ...       ...\n",
       "350 2022-01-07  3,426.37  3,434.00  3,094.50  3,216.50\n",
       "351 2022-01-06  3,556.59  3,568.65  3,299.55  3,426.38\n",
       "352 2022-01-05  3,825.68  3,847.93  3,553.80  3,557.41\n",
       "353 2022-01-04  3,724.25  3,889.10  3,714.95  3,826.65\n",
       "354 2022-01-03  3,813.67  3,847.00  3,684.34  3,727.99\n",
       "\n",
       "[355 rows x 5 columns]"
      ]
     },
     "execution_count": 2,
     "metadata": {},
     "output_type": "execute_result"
    }
   ],
   "source": [
    "df['Date'] = pd.to_datetime(df['Date'], format='%m/%d/%Y')\n",
    "df"
   ]
  },
  {
   "cell_type": "code",
   "execution_count": 3,
   "metadata": {},
   "outputs": [
    {
     "data": {
      "text/plain": [
       "'Tuesday'"
      ]
     },
     "execution_count": 3,
     "metadata": {},
     "output_type": "execute_result"
    }
   ],
   "source": [
    "df.loc[10, 'Date'].day_name()"
   ]
  },
  {
   "cell_type": "code",
   "execution_count": 4,
   "metadata": {},
   "outputs": [
    {
     "data": {
      "text/html": [
       "<div>\n",
       "<style scoped>\n",
       "    .dataframe tbody tr th:only-of-type {\n",
       "        vertical-align: middle;\n",
       "    }\n",
       "\n",
       "    .dataframe tbody tr th {\n",
       "        vertical-align: top;\n",
       "    }\n",
       "\n",
       "    .dataframe thead th {\n",
       "        text-align: right;\n",
       "    }\n",
       "</style>\n",
       "<table border=\"1\" class=\"dataframe\">\n",
       "  <thead>\n",
       "    <tr style=\"text-align: right;\">\n",
       "      <th></th>\n",
       "      <th>Date</th>\n",
       "      <th>Open</th>\n",
       "      <th>High</th>\n",
       "      <th>Low</th>\n",
       "      <th>Close</th>\n",
       "      <th>DayofWeek</th>\n",
       "    </tr>\n",
       "  </thead>\n",
       "  <tbody>\n",
       "    <tr>\n",
       "      <th>0</th>\n",
       "      <td>2022-12-23</td>\n",
       "      <td>1,215.00</td>\n",
       "      <td>1,228.61</td>\n",
       "      <td>1,212.65</td>\n",
       "      <td>1,221.85</td>\n",
       "      <td>Friday</td>\n",
       "    </tr>\n",
       "    <tr>\n",
       "      <th>1</th>\n",
       "      <td>2022-12-22</td>\n",
       "      <td>1,211.11</td>\n",
       "      <td>1,232.01</td>\n",
       "      <td>1,184.71</td>\n",
       "      <td>1,215.00</td>\n",
       "      <td>Thursday</td>\n",
       "    </tr>\n",
       "    <tr>\n",
       "      <th>2</th>\n",
       "      <td>2022-12-21</td>\n",
       "      <td>1,216.14</td>\n",
       "      <td>1,220.82</td>\n",
       "      <td>1,204.15</td>\n",
       "      <td>1,211.12</td>\n",
       "      <td>Wednesday</td>\n",
       "    </tr>\n",
       "    <tr>\n",
       "      <th>3</th>\n",
       "      <td>2022-12-20</td>\n",
       "      <td>1,176.05</td>\n",
       "      <td>1,227.48</td>\n",
       "      <td>1,152.91</td>\n",
       "      <td>1,216.55</td>\n",
       "      <td>Tuesday</td>\n",
       "    </tr>\n",
       "    <tr>\n",
       "      <th>4</th>\n",
       "      <td>2022-12-19</td>\n",
       "      <td>1,182.88</td>\n",
       "      <td>1,194.39</td>\n",
       "      <td>1,166.92</td>\n",
       "      <td>1,176.05</td>\n",
       "      <td>Monday</td>\n",
       "    </tr>\n",
       "    <tr>\n",
       "      <th>...</th>\n",
       "      <td>...</td>\n",
       "      <td>...</td>\n",
       "      <td>...</td>\n",
       "      <td>...</td>\n",
       "      <td>...</td>\n",
       "      <td>...</td>\n",
       "    </tr>\n",
       "    <tr>\n",
       "      <th>350</th>\n",
       "      <td>2022-01-07</td>\n",
       "      <td>3,426.37</td>\n",
       "      <td>3,434.00</td>\n",
       "      <td>3,094.50</td>\n",
       "      <td>3,216.50</td>\n",
       "      <td>Friday</td>\n",
       "    </tr>\n",
       "    <tr>\n",
       "      <th>351</th>\n",
       "      <td>2022-01-06</td>\n",
       "      <td>3,556.59</td>\n",
       "      <td>3,568.65</td>\n",
       "      <td>3,299.55</td>\n",
       "      <td>3,426.38</td>\n",
       "      <td>Thursday</td>\n",
       "    </tr>\n",
       "    <tr>\n",
       "      <th>352</th>\n",
       "      <td>2022-01-05</td>\n",
       "      <td>3,825.68</td>\n",
       "      <td>3,847.93</td>\n",
       "      <td>3,553.80</td>\n",
       "      <td>3,557.41</td>\n",
       "      <td>Wednesday</td>\n",
       "    </tr>\n",
       "    <tr>\n",
       "      <th>353</th>\n",
       "      <td>2022-01-04</td>\n",
       "      <td>3,724.25</td>\n",
       "      <td>3,889.10</td>\n",
       "      <td>3,714.95</td>\n",
       "      <td>3,826.65</td>\n",
       "      <td>Tuesday</td>\n",
       "    </tr>\n",
       "    <tr>\n",
       "      <th>354</th>\n",
       "      <td>2022-01-03</td>\n",
       "      <td>3,813.67</td>\n",
       "      <td>3,847.00</td>\n",
       "      <td>3,684.34</td>\n",
       "      <td>3,727.99</td>\n",
       "      <td>Monday</td>\n",
       "    </tr>\n",
       "  </tbody>\n",
       "</table>\n",
       "<p>355 rows × 6 columns</p>\n",
       "</div>"
      ],
      "text/plain": [
       "          Date      Open      High       Low     Close  DayofWeek\n",
       "0   2022-12-23  1,215.00  1,228.61  1,212.65  1,221.85     Friday\n",
       "1   2022-12-22  1,211.11  1,232.01  1,184.71  1,215.00   Thursday\n",
       "2   2022-12-21  1,216.14  1,220.82  1,204.15  1,211.12  Wednesday\n",
       "3   2022-12-20  1,176.05  1,227.48  1,152.91  1,216.55    Tuesday\n",
       "4   2022-12-19  1,182.88  1,194.39  1,166.92  1,176.05     Monday\n",
       "..         ...       ...       ...       ...       ...        ...\n",
       "350 2022-01-07  3,426.37  3,434.00  3,094.50  3,216.50     Friday\n",
       "351 2022-01-06  3,556.59  3,568.65  3,299.55  3,426.38   Thursday\n",
       "352 2022-01-05  3,825.68  3,847.93  3,553.80  3,557.41  Wednesday\n",
       "353 2022-01-04  3,724.25  3,889.10  3,714.95  3,826.65    Tuesday\n",
       "354 2022-01-03  3,813.67  3,847.00  3,684.34  3,727.99     Monday\n",
       "\n",
       "[355 rows x 6 columns]"
      ]
     },
     "execution_count": 4,
     "metadata": {},
     "output_type": "execute_result"
    }
   ],
   "source": [
    "df['DayofWeek'] = df['Date'].dt.day_name()\n",
    "df"
   ]
  },
  {
   "cell_type": "code",
   "execution_count": 5,
   "metadata": {},
   "outputs": [
    {
     "data": {
      "text/plain": [
       "Timedelta('354 days 00:00:00')"
      ]
     },
     "execution_count": 5,
     "metadata": {},
     "output_type": "execute_result"
    }
   ],
   "source": [
    "df['Date'].max()\n",
    "df['Date'].min()\n",
    "df['Date'].max() - df['Date'].min()"
   ]
  },
  {
   "cell_type": "code",
   "execution_count": 6,
   "metadata": {},
   "outputs": [
    {
     "data": {
      "text/html": [
       "<div>\n",
       "<style scoped>\n",
       "    .dataframe tbody tr th:only-of-type {\n",
       "        vertical-align: middle;\n",
       "    }\n",
       "\n",
       "    .dataframe tbody tr th {\n",
       "        vertical-align: top;\n",
       "    }\n",
       "\n",
       "    .dataframe thead th {\n",
       "        text-align: right;\n",
       "    }\n",
       "</style>\n",
       "<table border=\"1\" class=\"dataframe\">\n",
       "  <thead>\n",
       "    <tr style=\"text-align: right;\">\n",
       "      <th></th>\n",
       "      <th>Date</th>\n",
       "      <th>Open</th>\n",
       "      <th>High</th>\n",
       "      <th>Low</th>\n",
       "      <th>Close</th>\n",
       "      <th>DayofWeek</th>\n",
       "    </tr>\n",
       "  </thead>\n",
       "  <tbody>\n",
       "    <tr>\n",
       "      <th>145</th>\n",
       "      <td>2022-07-31</td>\n",
       "      <td>1,702.82</td>\n",
       "      <td>1,751.82</td>\n",
       "      <td>1,674.66</td>\n",
       "      <td>1,721.29</td>\n",
       "      <td>Sunday</td>\n",
       "    </tr>\n",
       "    <tr>\n",
       "      <th>146</th>\n",
       "      <td>2022-07-30</td>\n",
       "      <td>1,733.17</td>\n",
       "      <td>1,765.97</td>\n",
       "      <td>1,680.01</td>\n",
       "      <td>1,702.82</td>\n",
       "      <td>Saturday</td>\n",
       "    </tr>\n",
       "    <tr>\n",
       "      <th>147</th>\n",
       "      <td>2022-07-29</td>\n",
       "      <td>1,755.98</td>\n",
       "      <td>1,771.39</td>\n",
       "      <td>1,659.25</td>\n",
       "      <td>1,733.17</td>\n",
       "      <td>Friday</td>\n",
       "    </tr>\n",
       "    <tr>\n",
       "      <th>148</th>\n",
       "      <td>2022-07-28</td>\n",
       "      <td>1,601.32</td>\n",
       "      <td>1,782.16</td>\n",
       "      <td>1,595.76</td>\n",
       "      <td>1,756.28</td>\n",
       "      <td>Thursday</td>\n",
       "    </tr>\n",
       "    <tr>\n",
       "      <th>149</th>\n",
       "      <td>2022-07-27</td>\n",
       "      <td>1,380.98</td>\n",
       "      <td>1,613.09</td>\n",
       "      <td>1,370.79</td>\n",
       "      <td>1,601.64</td>\n",
       "      <td>Wednesday</td>\n",
       "    </tr>\n",
       "    <tr>\n",
       "      <th>...</th>\n",
       "      <td>...</td>\n",
       "      <td>...</td>\n",
       "      <td>...</td>\n",
       "      <td>...</td>\n",
       "      <td>...</td>\n",
       "      <td>...</td>\n",
       "    </tr>\n",
       "    <tr>\n",
       "      <th>262</th>\n",
       "      <td>2022-04-05</td>\n",
       "      <td>3,510.17</td>\n",
       "      <td>3,550.00</td>\n",
       "      <td>3,418.64</td>\n",
       "      <td>3,436.17</td>\n",
       "      <td>Tuesday</td>\n",
       "    </tr>\n",
       "    <tr>\n",
       "      <th>263</th>\n",
       "      <td>2022-04-04</td>\n",
       "      <td>3,495.01</td>\n",
       "      <td>3,580.00</td>\n",
       "      <td>3,414.22</td>\n",
       "      <td>3,510.17</td>\n",
       "      <td>Monday</td>\n",
       "    </tr>\n",
       "    <tr>\n",
       "      <th>264</th>\n",
       "      <td>2022-04-03</td>\n",
       "      <td>3,471.20</td>\n",
       "      <td>3,523.00</td>\n",
       "      <td>3,413.52</td>\n",
       "      <td>3,495.00</td>\n",
       "      <td>Sunday</td>\n",
       "    </tr>\n",
       "    <tr>\n",
       "      <th>265</th>\n",
       "      <td>2022-04-02</td>\n",
       "      <td>3,441.70</td>\n",
       "      <td>3,529.39</td>\n",
       "      <td>3,429.12</td>\n",
       "      <td>3,471.20</td>\n",
       "      <td>Saturday</td>\n",
       "    </tr>\n",
       "    <tr>\n",
       "      <th>266</th>\n",
       "      <td>2022-04-01</td>\n",
       "      <td>3,300.05</td>\n",
       "      <td>3,480.00</td>\n",
       "      <td>3,215.01</td>\n",
       "      <td>3,443.19</td>\n",
       "      <td>Friday</td>\n",
       "    </tr>\n",
       "  </tbody>\n",
       "</table>\n",
       "<p>122 rows × 6 columns</p>\n",
       "</div>"
      ],
      "text/plain": [
       "          Date      Open      High       Low     Close  DayofWeek\n",
       "145 2022-07-31  1,702.82  1,751.82  1,674.66  1,721.29     Sunday\n",
       "146 2022-07-30  1,733.17  1,765.97  1,680.01  1,702.82   Saturday\n",
       "147 2022-07-29  1,755.98  1,771.39  1,659.25  1,733.17     Friday\n",
       "148 2022-07-28  1,601.32  1,782.16  1,595.76  1,756.28   Thursday\n",
       "149 2022-07-27  1,380.98  1,613.09  1,370.79  1,601.64  Wednesday\n",
       "..         ...       ...       ...       ...       ...        ...\n",
       "262 2022-04-05  3,510.17  3,550.00  3,418.64  3,436.17    Tuesday\n",
       "263 2022-04-04  3,495.01  3,580.00  3,414.22  3,510.17     Monday\n",
       "264 2022-04-03  3,471.20  3,523.00  3,413.52  3,495.00     Sunday\n",
       "265 2022-04-02  3,441.70  3,529.39  3,429.12  3,471.20   Saturday\n",
       "266 2022-04-01  3,300.05  3,480.00  3,215.01  3,443.19     Friday\n",
       "\n",
       "[122 rows x 6 columns]"
      ]
     },
     "execution_count": 6,
     "metadata": {},
     "output_type": "execute_result"
    }
   ],
   "source": [
    "filt = (df['Date'] >= '2022-04-01') & (df['Date'] < '2022-08-01') \n",
    "df.loc[filt]"
   ]
  },
  {
   "cell_type": "code",
   "execution_count": 7,
   "metadata": {},
   "outputs": [],
   "source": [
    "df.set_index('Date', inplace=True)\n"
   ]
  },
  {
   "cell_type": "code",
   "execution_count": 8,
   "metadata": {},
   "outputs": [
    {
     "data": {
      "text/html": [
       "<div>\n",
       "<style scoped>\n",
       "    .dataframe tbody tr th:only-of-type {\n",
       "        vertical-align: middle;\n",
       "    }\n",
       "\n",
       "    .dataframe tbody tr th {\n",
       "        vertical-align: top;\n",
       "    }\n",
       "\n",
       "    .dataframe thead th {\n",
       "        text-align: right;\n",
       "    }\n",
       "</style>\n",
       "<table border=\"1\" class=\"dataframe\">\n",
       "  <thead>\n",
       "    <tr style=\"text-align: right;\">\n",
       "      <th></th>\n",
       "      <th>Open</th>\n",
       "      <th>High</th>\n",
       "      <th>Low</th>\n",
       "      <th>Close</th>\n",
       "      <th>DayofWeek</th>\n",
       "    </tr>\n",
       "    <tr>\n",
       "      <th>Date</th>\n",
       "      <th></th>\n",
       "      <th></th>\n",
       "      <th></th>\n",
       "      <th></th>\n",
       "      <th></th>\n",
       "    </tr>\n",
       "  </thead>\n",
       "  <tbody>\n",
       "    <tr>\n",
       "      <th>2022-12-23</th>\n",
       "      <td>1,215.00</td>\n",
       "      <td>1,228.61</td>\n",
       "      <td>1,212.65</td>\n",
       "      <td>1,221.85</td>\n",
       "      <td>Friday</td>\n",
       "    </tr>\n",
       "    <tr>\n",
       "      <th>2022-12-22</th>\n",
       "      <td>1,211.11</td>\n",
       "      <td>1,232.01</td>\n",
       "      <td>1,184.71</td>\n",
       "      <td>1,215.00</td>\n",
       "      <td>Thursday</td>\n",
       "    </tr>\n",
       "    <tr>\n",
       "      <th>2022-12-21</th>\n",
       "      <td>1,216.14</td>\n",
       "      <td>1,220.82</td>\n",
       "      <td>1,204.15</td>\n",
       "      <td>1,211.12</td>\n",
       "      <td>Wednesday</td>\n",
       "    </tr>\n",
       "    <tr>\n",
       "      <th>2022-12-20</th>\n",
       "      <td>1,176.05</td>\n",
       "      <td>1,227.48</td>\n",
       "      <td>1,152.91</td>\n",
       "      <td>1,216.55</td>\n",
       "      <td>Tuesday</td>\n",
       "    </tr>\n",
       "    <tr>\n",
       "      <th>2022-12-19</th>\n",
       "      <td>1,182.88</td>\n",
       "      <td>1,194.39</td>\n",
       "      <td>1,166.92</td>\n",
       "      <td>1,176.05</td>\n",
       "      <td>Monday</td>\n",
       "    </tr>\n",
       "    <tr>\n",
       "      <th>...</th>\n",
       "      <td>...</td>\n",
       "      <td>...</td>\n",
       "      <td>...</td>\n",
       "      <td>...</td>\n",
       "      <td>...</td>\n",
       "    </tr>\n",
       "    <tr>\n",
       "      <th>2022-01-07</th>\n",
       "      <td>3,426.37</td>\n",
       "      <td>3,434.00</td>\n",
       "      <td>3,094.50</td>\n",
       "      <td>3,216.50</td>\n",
       "      <td>Friday</td>\n",
       "    </tr>\n",
       "    <tr>\n",
       "      <th>2022-01-06</th>\n",
       "      <td>3,556.59</td>\n",
       "      <td>3,568.65</td>\n",
       "      <td>3,299.55</td>\n",
       "      <td>3,426.38</td>\n",
       "      <td>Thursday</td>\n",
       "    </tr>\n",
       "    <tr>\n",
       "      <th>2022-01-05</th>\n",
       "      <td>3,825.68</td>\n",
       "      <td>3,847.93</td>\n",
       "      <td>3,553.80</td>\n",
       "      <td>3,557.41</td>\n",
       "      <td>Wednesday</td>\n",
       "    </tr>\n",
       "    <tr>\n",
       "      <th>2022-01-04</th>\n",
       "      <td>3,724.25</td>\n",
       "      <td>3,889.10</td>\n",
       "      <td>3,714.95</td>\n",
       "      <td>3,826.65</td>\n",
       "      <td>Tuesday</td>\n",
       "    </tr>\n",
       "    <tr>\n",
       "      <th>2022-01-03</th>\n",
       "      <td>3,813.67</td>\n",
       "      <td>3,847.00</td>\n",
       "      <td>3,684.34</td>\n",
       "      <td>3,727.99</td>\n",
       "      <td>Monday</td>\n",
       "    </tr>\n",
       "  </tbody>\n",
       "</table>\n",
       "<p>355 rows × 5 columns</p>\n",
       "</div>"
      ],
      "text/plain": [
       "                Open      High       Low     Close  DayofWeek\n",
       "Date                                                         \n",
       "2022-12-23  1,215.00  1,228.61  1,212.65  1,221.85     Friday\n",
       "2022-12-22  1,211.11  1,232.01  1,184.71  1,215.00   Thursday\n",
       "2022-12-21  1,216.14  1,220.82  1,204.15  1,211.12  Wednesday\n",
       "2022-12-20  1,176.05  1,227.48  1,152.91  1,216.55    Tuesday\n",
       "2022-12-19  1,182.88  1,194.39  1,166.92  1,176.05     Monday\n",
       "...              ...       ...       ...       ...        ...\n",
       "2022-01-07  3,426.37  3,434.00  3,094.50  3,216.50     Friday\n",
       "2022-01-06  3,556.59  3,568.65  3,299.55  3,426.38   Thursday\n",
       "2022-01-05  3,825.68  3,847.93  3,553.80  3,557.41  Wednesday\n",
       "2022-01-04  3,724.25  3,889.10  3,714.95  3,826.65    Tuesday\n",
       "2022-01-03  3,813.67  3,847.00  3,684.34  3,727.99     Monday\n",
       "\n",
       "[355 rows x 5 columns]"
      ]
     },
     "execution_count": 8,
     "metadata": {},
     "output_type": "execute_result"
    }
   ],
   "source": [
    "df"
   ]
  },
  {
   "cell_type": "code",
   "execution_count": 9,
   "metadata": {},
   "outputs": [],
   "source": [
    "df['Close'] = df['Close'].apply(lambda x: pd.to_numeric(x.replace(',', '')))\n",
    "df['Low'] = df['Low'].apply(lambda x: pd.to_numeric(x.replace(',', '')))\n",
    "df['Open'] = df['Open'].apply(lambda x: pd.to_numeric(x.replace(',', '')))\n",
    "df['High'] = df['High'].apply(lambda x: pd.to_numeric(x.replace(',', '')))"
   ]
  },
  {
   "cell_type": "code",
   "execution_count": 11,
   "metadata": {},
   "outputs": [
    {
     "data": {
      "text/plain": [
       "count      31.000000\n",
       "mean     2278.940000\n",
       "std       371.056164\n",
       "min      1809.000000\n",
       "25%      2014.945000\n",
       "50%      2119.990000\n",
       "75%      2615.405000\n",
       "max      2967.030000\n",
       "Name: High, dtype: float64"
      ]
     },
     "execution_count": 11,
     "metadata": {},
     "output_type": "execute_result"
    }
   ],
   "source": [
    "\n",
    "df.loc['2022-05']['High'].describe()"
   ]
  }
 ],
 "metadata": {
  "kernelspec": {
   "display_name": "Python 3",
   "language": "python",
   "name": "python3"
  },
  "language_info": {
   "codemirror_mode": {
    "name": "ipython",
    "version": 3
   },
   "file_extension": ".py",
   "mimetype": "text/x-python",
   "name": "python",
   "nbconvert_exporter": "python",
   "pygments_lexer": "ipython3",
   "version": "3.8.2"
  },
  "orig_nbformat": 4,
  "vscode": {
   "interpreter": {
    "hash": "8cd178274a01ed40ef5b2c0dd70db17f7cba9d753bfff82f585802321fcabd0c"
   }
  }
 },
 "nbformat": 4,
 "nbformat_minor": 2
}
